54.5145089228421+0i,0.358683777189937+0.966456269104404i,-2.79562292873969+4.88724652760945i,3.8227037999662+6.00196684353313i,-1.00524921661226-1.83853826328074i,-1.40409888210511-6.98023841085602i,-3.11960935945951-0.52258007549577i,6.79839684435024-10.7523442217692i
0.358683777189937-0.966456269104404i,63.5061288630707+0i,1.64554230589087+0.328887472788211i,2.51558087555799+6.6862290198221i,-3.58016310180908+6.6509500979768i,1.43586144564618-1.65173945108144i,1.90873884087652-3.05434026153066i,-8.906865872099+3.42293535163209i
-2.79562292873969-4.88724652760945i,1.64554230589087-0.328887472788211i,70.2940088177367+0i,0.333784879041973+5.04915644399452i,-6.23623197813321+9.83883982020115i,-1.80673029446996-5.23490685319058i,1.15679611970877+7.24321043073804i,1.37968326957141+3.03121946551524i
3.8227037999662-6.00196684353313i,2.51558087555799-6.6862290198221i,0.333784879041973-5.04915644399452i,67.1466792778329+0i,-1.13730624140363+3.24158815233754i,-10.0897140692979+5.39863979475601i,3.82397335469435-6.16199874234861i,0.596015107242529-9.16867474007537i
-1.00524921661226+1.83853826328074i,-3.58016310180908-6.6509500979768i,-6.23623197813321-9.83883982020115i,-1.13730624140363-3.24158815233754i,62.1797995098874+0i,-5.81949388237329+5.16720872600118i,-5.50842007283338-6.86991015737694i,-3.79768687808555+4.9265883188026i
-1.40409888210511+6.98023841085602i,1.43586144564618+1.65173945108144i,-1.80673029446996+5.23490685319058i,-10.0897140692979-5.39863979475601i,-5.81949388237329-5.16720872600118i,53.917858337718+0i,-1.66810756926205+4.34542331298046i,3.51235849654068-0.872057701052787i
-3.11960935945951+0.52258007549577i,1.90873884087652+3.05434026153066i,1.15679611970877-7.24321043073804i,3.82397335469435+6.16199874234861i,-5.50842007283338+6.86991015737694i,-1.66810756926205-4.34542331298046i,63.3552400577181+0i,-7.71418074926977-0.670631921165759i
6.79839684435024+10.7523442217692i,-8.906865872099-3.42293535163209i,1.37968326957141-3.03121946551524i,0.596015107242529+9.16867474007537i,-3.79768687808555-4.9265883188026i,3.51235849654068+0.872057701052787i,-7.71418074926977+0.670631921165759i,61.3916627838654+0i
